0.315918 -1
0.316022 -0.98
0.316132 -0.96
0.31625 -0.94
0.316375 -0.92
0.31651 -0.9
0.316653 -0.88
0.316808 -0.86
0.316973 -0.84
0.317152 -0.82
0.317344 -0.8
0.317552 -0.78
0.317777 -0.76
0.318022 -0.74
0.318288 -0.72
0.318578 -0.7
0.318895 -0.68
0.319243 -0.66
0.319626 -0.64
0.320049 -0.62
0.320517 -0.6
0.321039 -0.58
0.321621 -0.56
0.322274 -0.54
0.32301 -0.52
0.323845 -0.5
0.324797 -0.48
0.32589 -0.46
0.327155 -0.44
0.32863 -0.42
0.330367 -0.4
0.332435 -0.38
0.334929 -0.36
0.337981 -0.34
0.341785 -0.32
0.346635 -0.3
0.352996 -0.28
0.361664 -0.26
0.374137 -0.24
0.393662 -0.22
0.428373 -0.2
0.457906 -0.18
0.425579 -0.16
0.377618 -0.14
0.322343 -0.12
0.242901 -0.1
0.151468 -0.08
0.0935957 -0.06
0.0577691 -0.04
0.0381478 -0.02
-0.0321517 0
-0.0381478 0.02
-0.0577691 0.04
-0.0935957 0.06
-0.151468 0.08
-0.242901 0.1
-0.322343 0.12
-0.377618 0.14
-0.425579 0.16
-0.457906 0.18
-0.428373 0.2
-0.393662 0.22
-0.374137 0.24
-0.361664 0.26
-0.352996 0.28
-0.346635 0.3
-0.341785 0.32
-0.337981 0.34
-0.334929 0.36
-0.332435 0.38
-0.330367 0.4
-0.32863 0.42
-0.327155 0.44
-0.32589 0.46
-0.324797 0.48
-0.323845 0.5
-0.32301 0.52
-0.322274 0.54
-0.321621 0.56
-0.321039 0.58
-0.320517 0.6
-0.320049 0.62
-0.319626 0.64
-0.319243 0.66
-0.318895 0.68
-0.318578 0.7
-0.318288 0.72
-0.318022 0.74
-0.317777 0.76
-0.317552 0.78
-0.317344 0.8
-0.317152 0.82
-0.316973 0.84
-0.316808 0.86
-0.316653 0.88
-0.31651 0.9
-0.316375 0.92
-0.31625 0.94
-0.316132 0.96
-0.315918 1
