0.2010075633 -1
0.2013604128 -0.9333333333
0.2018060228 -0.8666666667
0.2023801949 -0.8
0.2031379583 -0.7333333333
0.2041675527 -0.6666666667
0.205618038 -0.6
0.2077583666 -0.5333333333
0.2111176738 -0.4666666667
0.2168693802 -0.4
0.2281280468 -0.3333333333
0.2561881603 -0.2666666667
0.3885624273 -0.2
0.0951021835 -0.1333333333
-0.2206512225 -0.06666666667
-0.01705126732 0
-0.3069606135 0.06666666667
-0.3197578056 0.1333333333
-0.2121255739 0.2
-0.2150665415 0.2666666667
-0.2107980267 0.3333333333
-0.2077301781 0.4
-0.2056564881 0.4666666667
-0.2042177148 0.5333333333
-0.2031852269 0.6
-0.2024211613 0.6666666667
-0.2018405713 0.7333333333
-0.2013893301 0.8
-0.2010317818 0.8666666667
-0.2005082502 1
