0.1991439142 -1
0.1991966184 -0.9333333333
0.199262835 -0.8666666667
0.1993475945 -0.8
0.1994584976 -0.7333333333
0.199607463 -0.6666666667
0.1998140311 -0.6
0.2001120288 -0.5333333333
0.2005641373 -0.4666666667
0.2012971611 -0.4
0.2025997285 -0.3333333333
0.205248976 -0.2666666667
0.2119658492 -0.2
0.2382929389 -0.1333333333
0.3183054745 -0.06666666667
-0.03941349408 0
-0.2386779767 0.06666666667
-0.197154965 0.1333333333
-0.2012096842 0.2
-0.2008982835 0.2666666667
-0.2004144509 0.3333333333
-0.2000455187 0.4
-0.1997807979 0.4666666667
-0.1995893517 0.5333333333
-0.1994479436 0.6
-0.1993411075 0.6666666667
-0.1992586703 0.7333333333
-0.1991938459 0.8
-0.199142011 0.8666666667
-0.1990653586 1
